              precision    recall  f1-score   support

           0       0.70      0.86      0.77     21039
           1       0.83      0.85      0.84     28492
           2       0.98      0.99      0.98     35801
           3       0.99      0.97      0.98     33142
           4       0.97      0.96      0.97     35691
           5       0.87      0.85      0.86     28341
           6       1.00      0.94      0.97     71365
           7       0.99      1.00      1.00     14512

    accuracy                           0.93    268383
   macro avg       0.92      0.93      0.92    268383
weighted avg       0.94      0.93      0.93    268383
